H-order: 1
Final Gamma Estimate:[0.22768534 0.23820086 0.23976962 0.29434419]
Final Pi Esimate:          A         C         G         T
A  0.307787  0.307838  0.307815  0.307837
C  0.181248  0.181199  0.181226  0.181221
G  0.172613  0.172584  0.172597  0.172585
T  0.338352  0.338379  0.338362  0.338356
Final Tau Estimate:          A         C         G         T
A  0.371059  0.130401  0.345204  0.153336
C  0.056164  0.208963  0.437573  0.297300
G  0.214643  0.278251  0.079314  0.427792
T  0.266412  0.312359  0.128767  0.292462
Final Eta0 Estimate[0.00000000e+00 7.39239120e-02 0.00000000e+00 6.93235574e-05
 2.85768947e-04 3.77190854e-04 4.83849889e-04 4.60370361e-04
 7.49394350e-04 6.91120358e-04 4.68247948e-04 5.54542865e-04
 7.43151062e-04 2.04314192e-03 2.41251801e-03 1.39323684e-03
 1.30210269e-03 1.73517688e-03 1.90626217e-03 2.31559471e-03
 3.31729695e-03 2.88713721e-03 4.45393947e-03 4.36957066e-03
 6.24999590e-03 6.26952534e-03 8.32703529e-03 1.13824006e-02
 2.01113219e-02 2.18749952e-02 4.10093620e-02 5.35805284e-02
 1.25698232e-01 5.38698017e-01 5.98557360e-02 0.00000000e+00
 0.00000000e+00 0.00000000e+00 0.00000000e+00 0.00000000e+00]
Final Eta1 Estimate[0.00000000e+00 7.43652671e-02 0.00000000e+00 7.28351424e-05
 2.94126239e-04 3.87800915e-04 4.93305033e-04 4.61587434e-04
 7.71627430e-04 6.95025840e-04 4.64576646e-04 5.59998951e-04
 7.45383407e-04 2.04998281e-03 2.43477310e-03 1.40900118e-03
 1.30387955e-03 1.73505036e-03 1.93775668e-03 2.34864811e-03
 3.33501667e-03 2.94824788e-03 4.47399350e-03 4.40061238e-03
 6.34717605e-03 6.34619352e-03 8.37992986e-03 1.15318580e-02
 2.03138687e-02 2.19484146e-02 4.11085951e-02 5.38751514e-02
 1.24872646e-01 5.38315893e-01 5.92717778e-02 0.00000000e+00
 0.00000000e+00 0.00000000e+00 0.00000000e+00 0.00000000e+00]