H-order: 1
Final Gamma Estimate:[0.14197159 0.04072916 0.19862491 0.61867434]
Final Pi Esimate:          A         C         G         T
A  0.341177  0.337028  0.338880  0.332966
C  0.164558  0.164800  0.164321  0.164317
G  0.184519  0.193909  0.192132  0.196621
T  0.309746  0.304263  0.304667  0.306095
Final Tau Estimate:          A         C         G         T
A  0.087186  0.139879  0.155296  0.617638
C  0.191453  0.144741  0.205318  0.458488
G  0.223883  0.027229  0.231202  0.517685
T  0.130158  0.012635  0.187682  0.669525
Final Eta0 Estimate[0.00000000e+00 5.88296507e-03 0.00000000e+00 0.00000000e+00
 0.00000000e+00 0.00000000e+00 0.00000000e+00 0.00000000e+00
 0.00000000e+00 0.00000000e+00 0.00000000e+00 0.00000000e+00
 0.00000000e+00 0.00000000e+00 3.12268393e-04 1.52781959e-03
 1.24622711e-03 0.00000000e+00 0.00000000e+00 2.30248026e-03
 1.41007973e-03 1.84008799e-03 3.32538108e-04 5.14436846e-03
 3.79720713e-03 4.79239353e-03 7.87753073e-03 1.33916733e-02
 1.47464490e-02 2.02747197e-02 5.02548497e-02 5.79947605e-02
 1.51288399e-01 6.05707975e-01 4.98752070e-02 0.00000000e+00
 0.00000000e+00 0.00000000e+00 0.00000000e+00 0.00000000e+00]
Final Eta1 Estimate[0.00000000e+00 1.16037220e-02 0.00000000e+00 0.00000000e+00
 0.00000000e+00 0.00000000e+00 0.00000000e+00 0.00000000e+00
 0.00000000e+00 0.00000000e+00 0.00000000e+00 0.00000000e+00
 0.00000000e+00 0.00000000e+00 7.46819360e-04 2.73321747e-04
 3.83011383e-04 0.00000000e+00 0.00000000e+00 1.70848222e-03
 2.92456019e-03 1.02014111e-03 7.38923632e-04 4.07530540e-03
 4.60006953e-03 2.47549477e-03 1.08267724e-02 1.21526636e-02
 1.68356831e-02 1.81560710e-02 4.99007276e-02 5.55703578e-02
 1.30392043e-01 6.23830302e-01 5.17855276e-02 0.00000000e+00
 0.00000000e+00 0.00000000e+00 0.00000000e+00 0.00000000e+00]