Final Gamma Estimate:
 [0.28861617 0.14515446 0.16969953 0.39652983]
Final Pi Estimate
           A         C         G         T
A  0.580720  0.199521  0.303183  0.130883
C  0.144903  0.298296  0.198463  0.060835
G  0.125947  0.240025  0.261317  0.036037
T  0.148430  0.262158  0.237037  0.772245
Final Tau Estimate
           A         C         G         T
A  0.520965  0.018157  0.236503  0.224375
C  0.197305  0.409745  0.330057  0.062894
G  0.177568  0.413912  0.339237  0.069282
T  0.096983  0.180927  0.144058  0.578033
Final Eta0 Estimate
 [0.00000000e+00 2.06474615e-03 0.00000000e+00 3.54430565e-06
 1.39900355e-04 1.13642366e-04 2.04139506e-04 3.02724323e-04
 1.78070090e-04 1.19373127e-04 1.53961832e-04 1.46672980e-04
 2.58022738e-04 1.30748786e-03 2.24574435e-03 3.63709987e-04
 6.51856724e-04 4.22038073e-04 8.27234568e-04 7.58945440e-04
 1.92969862e-03 1.05492230e-03 2.18821182e-03 2.85799972e-03
 2.78445296e-03 7.82761076e-04 2.57061659e-03 1.60179139e-03
 3.91137706e-03 8.80759440e-03 4.46991908e-02 1.85757976e-02
 7.97212054e-02 7.93891790e-01 2.43607753e-02 0.00000000e+00
 0.00000000e+00 0.00000000e+00 0.00000000e+00 0.00000000e+00]
Final Eta1 Estimate
 [0.00000000e+00 1.36410686e-01 0.00000000e+00 1.30836536e-04
 4.22968262e-04 6.18844935e-04 7.37817181e-04 5.97800412e-04
 1.27219026e-03 1.18884281e-03 7.33767859e-04 9.13311192e-04
 1.16396825e-03 2.68607022e-03 2.58700694e-03 2.30158898e-03
 1.86446193e-03 2.86567696e-03 2.87906942e-03 3.70182084e-03
 4.53667983e-03 4.54958049e-03 6.43267382e-03 5.71419008e-03
 9.36887556e-03 1.11003044e-02 1.33570034e-02 2.00114139e-02
 3.43413771e-02 3.32285579e-02 3.79699717e-02 8.41302055e-02
 1.64140798e-01 3.18433534e-01 8.96081045e-02 0.00000000e+00
 0.00000000e+00 0.00000000e+00 0.00000000e+00 0.00000000e+00]
11
